19301	64
17564	148
18534	0
18885	0
17904	64
17474	100
19364	109
18006	98
19360	56
17922	5
19025	56
18890	0
19218	64
17516	133
19368	98
18115	124
17522	1
17853	99
18289	0
17471	2
17561	123
18800	0
18223	18
18670	0
17563	56
17518	55
18267	98
17644	51
18129	56
18182	132
17578	54
18419	0
18916	0
18944	115
17460	61
17729	103
17559	75
19288	98
17693	56
18438	0
17476	2
17492	55
18973	56
17855	120
19393	56
17668	56
17754	30
18123	82
17980	56
17523	16
17542	103
17743	55
18335	0
19416	56
19362	98
19277	99
18902	0
17817	98
18380	0
19175	98
19372	56
17463	99
17489	56
19253	99
19362	19
18334	0
17716	106
18347	0
19422	109
18314	0
17778	64
17979	106
17452	61
17745	110
17983	2
18543	0
18111	16
18741	0
17462	67
17906	162
17652	98
17793	64
17573	121
17715	99
18794	0
19017	74
18395	0
17783	55
17472	0
17727	64
19115	56
17853	7
17440	56
17914	56
17895	56
18684	0
17844	56
17581	7
17960	5
18538	0
18161	99
18062	99
18788	0
19131	56
18315	55
18428	0
18076	56
17745	5
19201	98
19200	64
19199	99
17952	19
17460	109
17753	0
17746	64
18041	106
17535	53
18021	71
18958	56
17858	146
17569	2
17944	1
17551	2
19201	99
17697	8
17524	4
18305	55
17524	99
18828	42
19363	99
17465	68
19210	56
18140	46
17950	20
18812	56
17944	112
18066	103
17444	56
19356	56
17502	78
17472	55
19355	98
17523	59
17854	99
17475	122
18508	0
17697	83
18864	0
17457	56
18646	0
18367	0
17487	52
17557	148
18820	42
17550	56
17537	109
18130	0
17501	51
17531	109
17528	5
18115	15
18345	0
18094	56
17512	51
18562	0
19292	64
17478	55
17924	61
18003	132
17657	2
18280	175
17794	65
17695	98
17723	55
18502	0
19331	98
17469	70
18903	0
18714	0
17510	57
19435	56
18155	56
18774	0
17475	56
17825	155
19275	98
17702	128
18006	99
18736	0
17821	99
19204	55
18592	0
17997	55
18936	20
17535	1
17489	55
18950	56
17781	56
17853	5
17490	99
18245	103
18296	0
18748	0
17976	98
18155	115
17535	51
17530	55
17903	56
17498	111
19322	99
17825	110
18179	103
17488	99
17578	56
17589	56
18717	0
18133	67
17531	51
17608	99
17521	25
19260	99
17513	56
17553	102
17936	111
18277	65
18449	0
17523	111
17669	106
17523	109
18391	0
18796	0
17566	65
17988	56
17570	136
17850	98
18310	0
19009	55
18685	0
18158	2
17539	2
17700	103
18625	0
18849	0
17829	55
17531	53
17766	99
19072	0
17685	56
17498	57
17967	52
18662	0
18157	52
18350	0
18067	56
18043	56
19365	64
18257	51
19083	98
19327	99
18157	98
18686	0
18257	61
17644	120
17817	56
17531	57
17602	56
19179	56
19020	123
19360	55
18183	51
18994	56
18914	0
17637	55
17568	108
17646	107
17557	2
18431	0
17537	65
19192	99
18668	0
17712	56
17754	55
17812	91
17907	1
19096	177
19016	56
19369	98
19029	55
18618	0
17843	65
17690	151
18508	55
18004	43
17452	105
17493	100
17508	55
18928	0
19060	64
17498	4
18181	103
18700	0
17799	2
17895	55
19195	109
17917	72
18155	1
17496	65
18536	0
17773	99
17813	99
18351	0
19198	99
18878	0
17781	19
17860	112
17853	55
19184	99
17535	56
17726	56
19092	56
19213	56
19357	19
17505	2
19079	55
17831	54
18095	55
17924	103
17526	55
17602	99
17572	55
17723	1
17811	2
19006	55
17529	5
19215	98
17976	112
18215	135
18556	0
17529	55
17713	65
17976	52
18567	0
19017	123
19305	64
17781	6
17564	99
18064	91
17811	56
18729	0
17475	61
19082	61
17708	63
18246	49
19066	0
17596	110
17572	56
17604	130
17479	100
19066	55
17898	99
18854	0
17665	98
19148	56
17467	115
17531	111
18483	0
17522	51
19414	56
18268	55
18730	0
19188	64
19362	99
18856	0
17745	111
17503	112
18323	0
17792	63
17947	41
17639	56
18706	0
19209	98
19197	109
19103	56
18337	0
18624	0
17571	109
17853	112
18234	43
18249	56
17535	57
17973	57
19139	56
19215	99
17503	102
17642	84
19321	99
17565	62
17941	56
17446	100
17517	112
17638	56
19439	56
19230	2
17892	25
18123	124
17539	56
18766	0
17480	51
17486	112
17598	78
19280	98
18277	109
18358	0
17816	98
17590	51
18189	56
18410	0
19180	99
17459	64
17500	109
19269	98
19323	98
18977	56
18273	56
18423	0
17970	98
18778	0
18993	56
18426	0
17523	57
19135	56
19383	56
17459	99
17470	99
19396	56
19278	109
18262	64
17727	99
17540	78
18179	61
19134	56
18956	56
18040	62
17446	55
19375	56
17481	75
17843	51
18979	56
17580	152
19382	56
17898	64
17545	99
18830	56
18214	52
18763	0
17573	58
17557	98
17524	5
17840	56
17940	108
17931	103
18401	0
17992	99
17947	56
17498	112
18191	55
17973	51
18123	52
17768	56
17738	100
17545	7
17947	83
18202	56
17939	56
18307	55
19124	56
18046	5
18354	0
17699	83
18122	56
17839	120
18120	15
17986	109
17470	98
18084	56
17669	146
18112	56
19033	103
18829	56
19147	56
18065	1
17806	13
17806	128
17863	55
18157	56
18209	123
18034	55
19025	98
18130	154
17981	55
17583	56
18699	0
18071	56
18476	0
17975	56
18522	0
19010	123
18062	64
18747	0
19379	56
19084	98
17682	56
17765	53
17929	0
17969	167
19070	55
19281	64
18422	0
17576	56
17452	56
17475	118
18259	98
19241	19
19110	74
18083	112
17999	42
17468	118
19301	99
19338	99
18267	64
17882	61
17812	98
19151	56
17460	98
19310	111
19199	64
17752	7
18281	51
17867	74
17679	2
19082	51
17998	55
17871	56
17682	128
17993	55
18164	56
18936	99
18749	0
18369	0
17557	57
17782	56
17688	55
19317	99
17751	55
17573	4
17841	122
18394	0
17540	112
17961	64
17521	67
17853	98
17477	112
19346	64
18000	120
17609	99
17500	64
19441	56
17598	19
18171	123
17724	89
17598	79
17898	98
17535	99
19313	64
18703	0
18510	0
18638	0
17503	2
17792	74
18824	42
18473	0
17571	65
18231	9
17830	55
18326	0
17777	159
17959	98
17649	64
17448	56
18157	99
18758	0
18900	0
18317	0
18549	0
17773	51
18408	0
18176	92
18816	55
18144	99
17853	66
18222	52
18303	0
18117	167
17919	56
19071	0
17860	54
18734	0
17552	56
18517	0
17519	123
17472	100
18528	0
19306	99
17739	55
18667	0
18781	0
18731	0
18649	0
18178	171
17539	1
17578	99
18372	0
17795	56
17732	55
17970	51
17916	61
17863	99
18096	51
17492	111
18442	0
18568	0
18019	103
18027	103
17863	5
17502	126
18115	60
17972	100
17480	2
17525	98
17995	55
17860	2
17821	19
18355	0
18061	61
18159	51
17472	56
18874	0
17889	67
17585	70
19392	99
17931	61
17540	65
17742	56
17503	65
18537	0
18018	56
19287	99
17477	2
17454	62
17522	5
17546	135
17813	65
18532	0
17525	110
17477	129
17959	20
19237	109
18492	0
18652	0
17521	51
18396	0
17684	112
17551	100
18270	64
18160	64
17556	56
17648	98
17598	67
17807	56
19303	98
17502	11
18663	0
17696	33
17452	60
17880	56
18735	0
19333	64
17972	51
17771	55
18795	0
17934	0
17562	55
18963	56
18563	0
18457	0
18119	56
18485	0
17727	0
17843	109
18051	56
17619	122
18819	42
19286	0
17598	121
18693	0
18060	74
18031	56
17863	64
17515	112
17625	63
18674	0
19107	56
19364	99
17503	66
18503	0
19263	74
19319	98
19290	64
17794	98
18005	4
18163	98
17766	14
17592	67
17723	54
17915	2
17889	2
18178	37
17471	56
17573	56
17523	110
19069	0
18507	0
17573	65
17535	102
18270	99
19427	56
17853	51
17913	82
17461	102
19428	56
18339	0
17515	100
18600	0
17463	56
17540	58
17798	56
18066	51
17777	150
17853	2
17493	52
17797	56
19096	118
18010	55
17838	55
17502	23
18444	0
18311	0
19310	112
17651	55
17738	147
17843	7
17659	56
18190	96
17920	56
17541	106
18433	0
18077	56
18127	109
19156	56
17512	56
17638	55
19117	56
18144	130
19299	109
17451	59
18227	9
17876	98
18290	55
19028	56
17726	112
17784	102
17847	2
18029	169
17925	54
19353	99
19337	99
17521	19
17863	65
18732	0
18761	0
19186	99
17766	55
19037	109
19089	99
18042	56
18996	56
17730	56
17568	82
17712	55
18105	56
18755	0
18111	33
18935	0
18833	0
17665	55
19304	64
19083	99
18544	0
17499	63
17546	72
17904	99
17468	98
18611	0
18772	0
17768	55
19310	56
17745	112
19325	99
18343	0
18893	0
18226	9
18461	0
17822	56
19040	129
19349	109
17564	67
17985	122
18283	122
17680	87
18073	0
19267	64
17575	151
19226	98
17600	79
18905	0
19019	2
17455	55
18500	0
18730	99
18379	55
17881	51
19296	64
18100	56
19062	0
18527	0
17760	56
17782	74
18937	122
18041	52
17860	52
17473	119
17769	98
18478	0
19411	56
18285	98
17755	56
17553	56
18188	20
17682	55
17507	99
18575	0
17578	111
18219	103
17662	61
17462	55
17690	150
18096	103
17793	90
18974	56
18144	98
18001	55
19146	56
17516	56
17525	55
18547	55
19067	55
17882	18
17770	56
17792	56
17446	98
18835	0
18561	0
19178	56
18185	98
17745	1
19347	99
18131	123
17918	1
19071	55
18822	56
17549	146
17803	99
18863	0
18526	0
18354	55
17792	146
17604	67
17578	110
19342	56
17510	56
17634	55
19381	56
17502	99
18174	33
18768	0
17754	100
17452	5
19426	109
19181	99
17522	112
18029	98
19376	2
17711	56
17708	74
17944	65
17997	42
17723	111
17668	27
17477	13
18436	0
19417	109
18277	56
17843	56
17877	99
18024	56
18293	0
17657	86
17592	56
17861	99
17944	111
18644	0
18983	56
17497	109
18651	0
19300	109
17559	2
18348	0
17508	99
17944	57
17843	55
17684	67
19056	56
17503	111
17752	110
18764	0
17492	112
17602	65
17729	51
17511	56
18069	56
17455	99
18995	56
18775	0
18951	56
17539	100
17480	127
18474	0
18790	0
19235	99
19222	64
18180	103
17993	20
17986	65
17896	56
17553	1
18634	0
17478	56
18342	0
18673	0
18899	0
19045	109
18865	0
18417	0
18368	0
17867	55
17893	15
19002	56
17537	112
19280	99
19331	64
17926	2
18377	0
18913	0
17866	51
18218	56
17474	65
17469	55
18015	56
18414	0
17714	31
17442	99
18751	0
18099	103
19003	176
18724	0
18036	55
18044	103
17474	2
19398	56
17781	160
17731	72
18009	56
18599	0
17738	106
17535	5
17475	11
17471	4
17477	15
17990	56
18105	123
18806	0
17459	108
19298	64
17587	33
17643	98
18138	106
17984	56
17880	123
17545	56
18017	56
17568	76
19339	99
19336	99
17609	53
17785	52
18635	0
18362	0
17723	112
17461	100
19074	0
17698	102
17557	56
17531	65
17964	56
18168	64
18053	55
19174	1
17511	98
17832	98
18172	106
17693	157
17607	9
17578	100
19384	56
18194	123
17581	100
17743	25
18061	51
17540	6
17517	51
17531	5
17962	109
17919	19
18852	0
17788	84
19424	98
19436	109
17978	2
18094	55
17533	99
19114	74
17689	88
17517	5
18886	0
17583	98
19008	0
18247	56
19347	109
17471	98
17725	55
17457	99
18738	0
19129	56
17629	56
17567	65
17822	98
17701	37
17503	98
18172	56
18121	94
19206	56
17786	56
17724	130
19224	98
17491	57
18392	0
17604	98
17535	0
18496	0
17529	2
17527	55
17920	123
17774	54
18155	19
18304	55
19083	109
19229	98
19248	99
18208	75
17842	56
17666	56
17498	56
17853	110
17989	55
17562	122
17446	5
17500	77
19243	56
17530	56
17457	106
17866	103
17462	4
17543	51
17566	56
17501	110
19072	55
17884	56
17440	58
18240	56
17753	56
18479	0
18102	56
19338	64
18811	19
17944	19
17491	51
17581	98
17765	99
18118	38
18221	52
17608	106
17522	57
18159	98
17892	4
17981	42
17818	55
18155	107
17809	57
17952	98
17795	51
18146	0
19207	64
17557	55
17863	57
17492	100
18114	56
17757	102
18420	0
17600	25
18441	0
19208	19
17581	55
18412	0
17941	55
19173	2
19187	56
17604	70
17570	56
17899	55
19197	99
19228	99
19374	56
17848	107
17475	124
18876	0
18636	0
18460	0
17554	56
17551	147
19190	98
18464	0
17546	55
17843	111
18603	0
19037	98
18081	98
17544	55
17866	55
19256	98
19379	19
17967	124
19276	56
17864	56
19258	56
17503	1
17471	99
17647	103
17709	56
17557	99
18984	56
19238	109
17862	54
19053	0
18511	0
17765	54
19361	99
18901	0
18159	57
17490	112
17680	61
19006	56
18243	0
19328	64
18780	0
19387	56
17562	2
18301	55
19084	99
17446	101
17741	55
18825	55
17488	57
18889	0
17778	99
17461	98
17919	98
17936	112
17758	0
17723	98
17853	56
17469	99
18688	0
17972	56
17566	99
17981	56
17652	56
17475	121
17489	99
17576	98
17446	2
17747	56
19027	56
17528	99
18267	109
17967	56
19255	2
17966	106
18910	0
17559	127
17793	98
17490	54
17541	56
18268	56
17863	112
19295	64
17476	127
17497	20
18542	0
17539	112
17514	55
17472	54
18844	0
19388	56
17537	2
17629	53
17707	51
17509	2
17503	54
17576	55
17643	56
17542	56
17860	122
17854	65
19043	51
17494	51
17881	110
17686	0
17976	20
17474	55
18939	99
17963	55
17440	51
18308	55
17528	56
17703	132
18231	141
17787	109
17461	2
18577	0
19215	109
17960	103
19209	99
18124	110
18062	65
17765	100
17843	5
19270	56
18046	4
17668	54
18840	0
18465	0
17536	51
17512	65
17783	56
17531	1
18185	64
18020	56
18107	56
18132	56
17848	106
18803	0
17472	112
18619	0
17988	55
18397	0
18869	0
17745	57
18150	45
17515	110
17637	56
17808	2
18971	56
18232	9
19045	99
17987	55
18482	0
19409	56
18690	0
18388	0
18064	129
17475	125
19102	56
17676	64
19199	109
18192	51
17539	137
17497	64
18205	19
19312	109
17464	99
19004	64
17497	99
17959	99
18000	56
18255	99
19290	109
19261	56
19242	64
19063	0
17768	64
18213	103
18206	6
18181	51
18965	56
18080	56
17459	65
18110	146
18721	0
19181	109
19430	56
18961	56
18777	0
17535	145
19362	64
17477	111
17487	124
18694	0
18931	0
17518	111
17855	106
17476	12
17998	42
18406	0
17871	63
18308	0
18144	106
18571	55
18564	0
17940	81
17995	106
17700	61
17845	99
18959	56
18052	51
17749	22
17960	2
18014	56
17525	99
17490	100
17475	71
19406	56
18074	2
18582	0
18943	107
17763	56
17955	57
17666	74
17514	2
18981	56
17846	65
18265	56
19352	109
19377	65
17934	55
17996	56
17843	112
18552	0
17753	36
18506	0
17865	56
19025	99
17493	108
18823	56
17460	7
17643	55
18384	0
18632	0
17513	98
19168	56
19297	56
19407	56
17535	64
17651	56
18260	18
18676	0
17976	65
19143	56
17563	99
17944	98
18656	0
17593	107
19413	56
18175	98
17890	57
17753	143
18801	0
17877	20
18148	56
18425	0
17843	57
18038	103
17525	64
18068	39
17622	110
17507	98
17446	102
17567	99
18156	19
18207	16
18555	0
17674	54
19193	56
17577	16
18264	56
17623	65
17585	56
18117	110
17810	56
17461	56
19271	99
17442	56
18683	0
17645	56
19338	109
17518	53
18190	103
17521	100
17459	98
17812	99
17944	99
18327	0
19257	109
17669	107
18295	55
17753	99
17660	123
17523	102
17684	74
18868	0
17569	31
17970	57
17513	64
17863	2
17859	56
17487	19
18607	0
17507	19
17999	56
17555	2
17784	56
17537	98
18266	61
18521	0
17848	56
17517	99
17474	51
18553	0
18083	52
18302	0
17460	54
18064	18
17912	56
18165	68
17740	54
19420	109
17502	2
19097	51
17869	56
17464	56
18622	0
19377	99
17676	56
18088	56
17472	71
18083	1
18120	42
18733	0
18155	121
18855	0
17541	5
19046	103
17775	55
17603	56
17765	56
17443	56
17667	56
19035	0
19194	56
17531	56
18948	56
19155	56
19132	56
17899	150
17708	98
17524	145
19438	56
18615	0
18091	55
17668	53
18955	56
18437	0
17757	56
18784	0
17881	56
17535	111
19236	64
18081	99
18723	0
19037	99
18085	19
17569	123
19172	56
19324	98
19231	64
17734	98
17976	100
18601	0
17854	52
18894	0
17958	99
18919	0
17558	56
19400	64
17517	121
19304	98
18142	56
18045	64
17942	124
17461	51
18626	0
18207	106
17486	131
17867	56
19432	109
17568	14
17942	4
18141	56
17817	2
18253	109
18495	0
18746	0
17944	55
19093	56
17523	99
17992	64
18027	51
17995	100
17723	51
17522	16
18439	0
17443	98
19185	99
18413	0
17571	56
18233	141
18588	0
17503	55
19322	98
17837	56
18530	0
18290	0
17771	56
17528	98
17683	56
17847	72
19231	99
19076	99
18576	0
19419	109
18258	76
18927	0
19294	64
19169	56
17571	64
17540	56
17916	103
17605	56
18012	56
18671	0
18719	0
17524	112
18988	56
18834	0
18891	0
17543	57
17528	57
18918	0
18163	99
17838	56
17598	4
17545	142
18972	56
17545	52
17727	55
19410	56
17943	19
17600	98
17843	110
18187	123
17900	56
17473	73
17889	56
18046	63
17818	98
17584	56
17966	56
18030	91
18353	0
18432	0
17729	153
18487	0
17524	57
18605	0
17651	54
17448	55
17641	56
19097	18
17542	55
18447	0
19061	0
18083	111
19048	0
19303	99
18034	56
18167	2
18044	51
17918	19
17568	15
17908	103
17892	163
17693	6
17668	66
17468	117
17541	98
17583	99
17524	2
17523	145
18953	56
17579	100
18678	0
17506	57
18743	0
17745	65
18052	4
19106	56
17648	56
17913	4
18204	30
18518	0
17498	76
19391	56
18617	0
17534	55
17503	99
18048	56
17500	2
17576	51
18614	0
17488	51
17730	55
18298	0
17438	1
17588	55
18519	0
17643	4
17878	56
17553	99
19266	109
17517	111
17755	55
17522	65
19080	122
17522	109
17598	2
17592	55
18098	107
18333	0
17592	142
18857	0
18559	0
17543	55
18756	0
17707	57
18529	0
17531	2
17728	106
17598	83
17723	99
19086	99
18906	0
18128	135
18604	0
17456	57
17723	5
18759	0
17557	112
17983	1
17573	51
17525	112
17668	109
17731	56
17544	56
18284	99
17468	8
17806	129
17450	56
17546	109
18198	123
18509	0
18083	98
17523	144
18805	0
17502	125
17499	2
17803	55
18319	0
18263	55
18720	0
18102	44
18291	0
19130	56
18613	0
17979	19
19252	109
18813	98
17528	112
19052	0
17753	2
17790	56
17658	53
17935	56
19437	109
17584	16
17574	55
17503	0
17851	30
18200	103
18003	22
18373	0
17883	18
17860	99
17884	91
17565	149
18881	0
17976	76
17708	146
19030	55
17521	111
18960	56
17722	56
18606	0
17764	56
17529	1
18514	0
17540	98
19098	56
17538	28
18845	0
18363	0
19047	56
19288	65
17668	1
17916	51
17881	100
18831	0
17509	56
17931	82
18873	0
19314	64
17600	99
19306	64
17584	55
18491	0
17598	56
18137	106
17779	106
18454	0
19348	98
19049	0
19289	56
17854	55
19308	64
17602	79
17676	99
17713	146
19386	56
19336	98
18125	107
17717	56
17461	53
19275	99
19218	99
19121	56
17887	99
17855	56
17919	99
18331	0
17537	1
17755	54
17668	0
17541	51
17982	51
18472	0
17591	55
17754	106
17528	111
18628	0
18153	98
17829	56
18456	0
18589	0
17598	142
17961	40
19285	19
19198	64
17525	56
18275	106
17766	2
19013	56
18278	56
19309	64
17523	7
18058	13
18046	44
18064	35
18023	60
17683	53
17911	5
18799	0
18336	0
17684	99
17727	98
19246	64
17586	57
19333	98
17445	56
17778	109
17456	55
18312	0
17537	111
19423	109
17474	106
17866	162
19157	56
18793	0
17816	54
18197	131
17656	34
18083	99
17716	107
17537	27
17547	56
17554	55
17566	98
17460	65
17581	99
17469	98
17494	99
18070	2
18056	56
17464	57
18128	20
18168	98
17467	69
18933	0
18103	55
18657	0
17735	33
18027	61
19176	90
17690	130
18970	56
17734	99
17617	55
17780	64
17599	102
19244	98
18213	19
19220	109
17924	51
17843	99
18267	99
18092	51
17879	56
17692	56
18078	56
17945	4
17553	52
17991	55
18108	112
17503	57
17731	99
17843	100
17546	29
17502	51
18259	99
17541	57
17952	99
17765	55
17668	124
17747	65
17492	57
18809	55
18462	0
17734	109
17523	51
18455	0
17948	56
19225	64
17611	56
17618	55
17853	57
17693	108
17843	2
19068	55
18819	56
17881	69
17850	38
17442	55
17724	150
18273	55
17644	103
18875	0
17598	7
18186	56
18433	55
18000	103
19138	56
19302	56
17564	98
17923	1
17481	70
18179	51
19378	90
19395	64
17469	56
18940	56
19291	98
18374	0
18581	0
18409	0
18146	56
17557	19
18019	51
17744	146
18361	0
17471	55
18926	0
19369	99
17821	98
17539	0
17723	0
17514	56
17524	98
17962	64
17609	98
19019	98
17760	102
17765	66
17605	55
17490	53
17835	56
17818	2
17945	165
17725	56
19366	99
17518	99
17553	55
17500	21
19004	19
17632	56
18399	0
18158	57
17463	57
18126	52
18639	0
18827	56
19224	99
17997	59
19247	98
17833	56
17756	56
18727	0
18583	0
18477	0
17666	55
17600	67
17555	51
17459	109
18672	0
18494	0
18470	0
17931	51
19346	109
17823	56
18405	55
17564	56
18609	0
19145	56
18400	0
19183	99
17459	56
19112	56
17594	56
17885	106
17540	99
18149	55
17978	20
19221	99
17680	51
17650	98
17528	65
18866	0
18098	106
18434	0
18818	99
18288	0
17568	25
18466	0
18115	170
17983	103
17816	64
18898	0
17629	55
18296	55
17582	56
19390	56
17823	64
17449	104
18338	0
19021	123
17475	9
17793	2
19036	56
17621	2
18150	4
19216	99
17623	55
17846	109
17590	121
17860	100
19150	56
17783	53
19078	99
18932	0
18340	0
19026	123
17612	56
17511	99
17490	102
18067	99
18061	103
17571	54
17932	12
17863	56
17529	99
18647	0
17734	56
17971	19
19323	64
17475	116
18669	0
18659	0
17672	56
19095	74
18815	115
18016	56
18157	19
18002	1
17869	74
17950	135
17461	99
17540	55
18169	99
17443	99
18966	56
17608	55
17824	56
18256	109
17863	109
17441	3
18037	0
17458	56
18279	56
17832	20
19209	64
17902	56
17727	56
17529	74
18330	0
17618	51
17645	109
18013	26
17537	51
17571	55
18286	122
17711	90
17705	51
17638	100
18301	0
18579	0
18025	55
17673	56
17773	98
17884	2
18713	0
17711	99
17525	111
17508	98
18248	56
17528	110
17524	26
18229	141
17778	98
17649	99
17557	51
17994	55
17476	126
18545	0
19262	74
18233	9
17580	2
17602	142
18949	56
17652	99
18880	0
17834	56
18329	0
18360	0
18371	0
17440	55
17768	98
18250	56
19319	99
17863	115
17990	55
17813	98
18294	0
19183	98
17944	51
18022	56
18059	1
19247	99
17990	2
17523	98
17980	128
17489	98
18481	0
17509	65
17985	56
18052	61
17753	5
19343	98
17884	18
17745	98
17993	110
19181	64
18382	0
17528	55
18237	141
18087	129
18083	65
19303	56
19320	64
18757	0
17791	146
17588	56
18598	0
17548	55
17687	133
17504	57
17473	110
18836	0
17466	113
17944	56
19128	56
19264	74
17993	98
17528	0
18497	0
17437	51
19244	99
17483	102
19287	64
17446	56
19015	123
17544	51
18499	0
17943	98
19223	19
19338	98
17460	102
17745	51
19030	0
18038	56
19326	99
17590	57
17553	65
17497	55
17541	2
18943	106
17488	56
18923	0
18054	56
17738	91
17771	51
17553	19
17781	82
17758	99
18661	0
19205	56
17943	56
17794	123
18587	0
18099	61
17846	99
17715	98
17547	99
19087	99
17649	109
18229	9
18359	0
17696	16
19196	56
17971	56
18839	0
17523	53
17992	65
18658	0
19359	99
17518	112
18710	0
17985	42
18975	56
17490	55
17919	1
18631	0
17600	55
18030	135
18879	0
18132	123
19041	99
18206	56
18029	116
18488	0
18393	0
17795	108
18469	0
18540	0
17729	61
19137	56
18379	0
17503	100
17860	56
17643	99
17499	55
18921	0
18446	0
18307	0
17640	56
19197	98
19219	98
18199	5
18050	2
17505	61
17487	55
18116	0
19401	109
18718	0
18216	2
18689	0
17743	2
18853	0
19153	56
17748	56
17781	157
19069	55
18153	99
18584	0
18134	99
17753	64
17842	55
17480	55
19240	99
17706	56
18316	0
17684	98
19142	56
19105	56
17517	0
17577	72
19214	98
17811	55
17513	74
18155	48
17597	51
17531	55
17492	65
18990	56
18418	0
17680	103
17442	98
19335	64
18725	0
17947	71
18909	0
18912	0
18304	0
19158	56
19283	109
17770	55
17603	98
17671	55
17496	51
18375	0
17834	55
17750	130
17598	127
17645	98
19217	99
17512	55
17618	112
19222	99
17525	65
17468	56
17941	51
17765	102
17492	51
17528	2
17497	98
19218	98
17491	56
18259	19
18237	9
18188	135
17943	99
19086	98
18859	0
19223	64
17618	57
17928	56
19333	109
18698	0
18523	0
17863	111
19154	56
17573	78
18211	56
17525	57
17794	99
18695	0
17737	56
17523	56
18104	2
18838	0
17847	55
17539	111
17539	65
18000	9
17529	7
18629	0
17768	99
17762	56
19424	99
17863	93
17860	64
17684	53
18156	52
19051	0
17752	55
17677	5
17539	51
17852	72
17745	56
18383	0
17527	98
18224	18
17573	2
17910	39
17888	106
17559	19
17642	54
19113	56
17604	99
17965	112
17440	57
17793	99
17498	55
18489	0
17617	56
17910	25
18650	0
17781	35
17748	55
17806	120
17945	122
18255	98
18087	13
17619	128
18063	61
19271	98
17721	55
18402	55
17941	57
18934	0
17947	40
19087	98
17693	55
17581	65
18832	0
19211	56
17753	109
17781	103
19149	56
17620	2
17503	53
17886	99
17473	72
17773	55
18920	0
19067	0
18660	0
19032	56
18468	0
17743	98
17578	1
17895	19
17713	56
18220	115
17945	61
18185	99
17548	51
18947	56
17517	56
18332	0
17818	56
18204	19
17960	77
17588	65
17886	2
17968	161
19287	98
18554	0
19083	64
17959	56
19228	98
19057	74
18708	0
18210	99
18272	51
18580	0
17638	72
18681	0
19232	109
17521	56
17986	64
17514	98
17788	56
18924	0
18264	20
19097	61
17787	64
17802	55
17724	159
19434	56
18846	0
17646	106
17523	112
17520	56
18242	56
17863	0
18750	0
17503	109
18089	64
17535	109
17933	5
17480	16
17752	56
19334	56
17618	0
18597	0
18405	0
17633	55
17967	19
18255	64
17976	64
17699	87
17766	15
19081	56
17545	67
17684	125
17514	65
17535	112
19118	56
17843	53
17584	103
18227	141
17749	61
19316	99
19000	56
17555	55
17631	56
17856	99
17517	81
18486	0
18546	0
18888	0
18252	56
17542	137
18769	0
19191	99
19329	109
19190	99
17843	98
18295	0
17521	107
18783	0
19421	109
19087	64
17645	99
19059	56
17913	25
19397	99
19315	99
17523	2
17523	0
18737	0
18390	0
17524	1
17875	54
17456	56
17600	142
19104	98
18711	0
19293	64
19184	98
18262	99
17535	54
17832	99
18765	0
17781	51
19327	98
18032	56
18213	173
17951	105
18739	0
17954	2
18453	0
17601	106
17665	56
19236	98
18645	0
17872	54
17600	56
18357	0
18184	56
18299	0
17676	65
17847	56
17691	106
18266	2
18326	55
17457	107
19001	67
18344	0
17554	0
19167	56
17738	56
19425	109
18028	42
18809	0
19392	98
19064	0
18003	101
17528	1
18196	2
18381	0
17604	113
17518	65
17571	98
19202	56
19254	99
17604	55
19360	120
17529	51
17762	55
18356	0
17766	19
17475	120
18666	0
17583	55
19031	56
17945	51
19143	0
17540	57
17601	55
17860	55
18770	0
18616	0
19166	56
19235	98
17578	7
18450	0
18642	0
18217	56
18151	91
18513	0
18173	123
17745	102
17542	27
19363	98
17684	51
19266	99
19101	56
17472	111
18980	56
18192	19
17492	99
17797	67
17509	99
17459	55
18475	0
17822	99
17578	103
19029	0
17684	57
17689	155
17832	55
19085	99
17557	1
19017	56
17473	2
17588	2
17494	132
17515	65
19160	56
19163	56
17517	109
18664	0
17469	111
18213	56
18985	56
17986	55
17517	2
17599	56
18170	123
17664	56
17755	121
18284	98
18118	112
17681	56
18269	122
18558	0
18701	0
18324	0
17467	110
18752	0
17702	129
19284	64
17590	55
19352	64
17919	57
19226	99
17933	55
18416	0
19250	56
18029	20
17524	111
17992	56
17684	54
17459	110
18641	0
18387	0
19023	56
17531	99
18968	56
17791	56
17809	51
19122	56
19254	98
18127	64
17869	146
17921	2
17485	56
17860	98
17547	98
19203	109
17460	99
17570	20
18183	61
17477	56
17464	55
18590	0
18987	56
17745	2
18716	0
17557	111
17535	66
17578	5
19371	99
17461	55
18969	56
17718	55
18653	0
17539	98
18654	0
17574	72
18145	106
18206	172
17639	51
19152	56
17446	99
19044	98
17777	156
17910	163
17846	55
17452	6
18633	0
18212	98
17463	98
19046	5
19249	98
17745	109
17654	55
17942	25
17765	2
17868	0
17542	51
18070	56
17602	113
17618	56
19259	109
17789	102
17649	20
17506	56
17437	0
17521	79
19054	56
19073	55
18109	98
17720	56
19279	109
17648	99
18798	0
18159	65
17968	56
18221	109
17499	134
18560	0
18411	0
18305	0
19368	99
17467	2
18136	19
18870	0
18848	0
17731	55
17501	22
18158	61
17668	113
19236	19
17604	75
18297	55
17456	51
17498	99
17524	7
18623	0
18276	0
17513	139
17977	55
17492	101
18099	51
18908	0
17753	65
17493	56
18238	55
17505	67
18596	0
17522	56
17457	98
18042	51
17690	156
17834	52
18321	0
19006	98
18351	55
17624	84
18862	0
18103	109
19278	99
17922	35
18490	0
18858	0
17608	98
17541	111
18648	0
17726	111
17484	55
19170	56
18001	56
19099	56
17695	99
19249	99
18313	0
18655	0
17651	52
17816	0
17682	98
18942	56
18976	56
19050	0
17877	98
19161	56
17513	63
17624	98
17540	2
17451	5
19251	64
19097	103
18026	56
17490	56
17524	55
18463	0
17536	55
17595	55
18675	0
18791	0
19140	56
18841	0
18680	0
19330	56
17537	99
18837	0
18550	0
17753	110
18459	0
17497	100
17789	56
18188	2
18243	56
18181	61
18143	56
18745	0
19212	56
19402	56
18161	65
19341	64
17545	65
17566	64
19173	98
17708	106
17603	99
18062	98
17587	72
17474	112
18108	51
17788	112
17749	51
17523	5
17669	74
17500	102
18861	0
17636	55
19039	107
18386	0
18071	2
17539	99
17675	56
19367	99
17613	146
17523	55
18193	114
17609	56
17460	100
17755	84
18064	56
17782	2
18730	98
17646	56
17547	0
17800	56
17720	74
19082	103
18782	0
17509	55
17890	51
17641	2
19282	65
17495	55
18166	55
17566	109
17521	142
18585	0
18938	99
18082	2
17554	65
17488	67
17868	56
18124	45
17576	99
19165	56
17620	56
17599	55
17696	106
18212	65
18630	0
18682	0
17651	51
19119	56
17871	98
19373	90
18516	0
17475	123
17661	55
17500	136
17504	51
18762	0
18515	0
17437	53
17643	2
17769	56
17886	98
17547	55
17933	35
17503	51
19265	56
17644	61
17949	62
17469	112
17602	67
18030	56
17506	51
17713	74
17467	114
18320	0
17742	19
17525	51
18159	2
18090	56
18060	61
17752	53
19433	56
17515	55
17517	65
17733	56
18152	56
19229	99
18139	56
17765	19
17541	7
17497	52
17927	120
18428	55
19100	99
17574	56
18075	56
17788	55
17778	65
17518	54
19234	99
18106	51
19108	56
18539	0
18946	56
17985	55
17475	10
18978	56
17554	99
17490	2
17894	123
17572	99
17531	112
19192	98
17988	42
19429	56
18541	0
18744	0
17688	56
17479	51
19100	56
17909	123
18254	123
17521	55
17723	2
17458	52
19245	64
18612	0
18062	109
18072	82
19111	56
17477	14
17539	109
17806	56
18270	109
19200	98
18548	0
18887	0
18754	0
18212	99
19301	109
18245	96
17584	2
18256	65
17548	132
17601	4
18266	103
19037	97
18282	56
18036	0
17863	1
18136	106
18429	0
17579	56
19318	56
18079	56
18096	61
18574	0
17863	98
18715	0
17919	51
18073	64
19392	109
19217	56
18346	0
18792	0
19389	56
17723	53
17801	56
18398	0
17998	56
18300	0
17793	136
18824	50
18594	0
17562	56
17563	55
17986	56
18366	0
19269	99
19007	64
18181	95
17887	83
18814	18
18338	2
17476	75
17551	56
18424	0
17668	51
18847	0
18365	0
17529	57
17572	98
17745	53
17500	103
19233	64
19055	19
18627	0
18230	174
17745	55
18245	56
19109	56
17541	99
18091	56
17606	56
17507	2
17930	56
18271	100
17517	98
18821	56
18896	0
17776	146
17793	135
17753	98
17788	100
17850	99
18207	33
17766	56
17655	56
18102	106
19394	99
17722	100
19418	56
17590	123
17738	18
17804	129
17475	2
18665	0
17644	71
19274	99
17460	53
17618	98
17474	57
19333	99
17664	51
17951	107
17453	2
17870	56
18191	56
18936	98
18315	0
18241	56
17693	19
17437	52
17498	51
18443	0
18149	64
19011	123
17522	0
17480	17
18467	0
17586	51
19216	64
17718	143
17684	56
18079	1
18884	0
17439	55
17539	57
18169	56
19268	99
17932	51
17571	110
17819	123
17553	98
17500	55
19005	65
17863	51
18008	56
17552	2
17471	65
18285	99
17853	111
17821	25
19287	65
17600	74
17987	56
17475	62
18256	99
17598	61
18640	0
18024	0
17828	56
17956	103
17522	98
17676	109
17761	56
18066	61
17548	54
18722	0
19399	56
19180	98
19120	56
17529	56
18135	166
18161	56
17455	98
17499	100
17753	55
18957	56
17461	66
17808	56
17481	56
17639	55
17686	55
18145	56
18620	0
18147	0
17601	56
18917	0
18123	170
17641	52
18127	99
17608	64
17976	99
17500	135
18742	0
17549	102
17529	19
18385	0
19065	0
17508	24
18728	0
18375	55
19141	56
19127	56
17488	98
17524	109
17653	122
17557	27
17665	99
17518	56
17493	55
17568	55
19440	56
18158	67
17708	56
18709	0
18124	25
17445	53
19307	56
17481	130
18533	0
17957	35
17841	20
19288	99
17524	65
19227	53
17510	79
18318	0
17492	98
18232	141
18325	0
17533	98
17765	0
19412	56
19199	98
17635	56
17795	100
17734	65
18292	0
17854	112
18779	0
17541	55
17464	65
17633	56
17854	111
18053	56
19011	56
17811	0
18679	0
17502	8
19291	99
18504	0
18954	56
18256	98
18697	0
17634	56
17535	55
17537	55
17723	56
19260	98
17513	99
18150	25
18175	99
17768	109
18245	18
17729	139
18097	56
17559	12
17546	56
18402	0
17498	98
17827	56
17578	55
17697	87
17597	57
17522	111
17740	72
17521	98
17661	56
19089	65
19012	123
17789	55
19287	109
17668	55
17815	56
18687	0
17497	65
19273	98
17811	67
19074	55
17509	98
17905	64
17469	57
17897	164
17974	56
17503	7
18480	0
17971	52
18203	51
17836	56
18184	55
17517	1
17873	2
19175	99
18712	0
17622	102
19362	109
18162	56
17525	0
19182	99
17457	63
17524	56
18882	0
17521	99
19343	99
18092	103
17490	67
18565	0
19355	99
18930	0
17822	2
18039	56
17567	56
19144	56
17756	54
17949	92
17738	2
17606	65
17512	110
19058	0
17781	36
19006	19
17649	98
18155	52
17438	56
18547	0
17693	35
18802	0
19366	98
18225	56
17494	98
17781	61
18992	56
17845	56
19273	99
19222	98
17980	55
17444	98
17917	56
18287	55
17440	2
17614	103
17521	57
17795	55
18421	0
18593	0
17715	56
17713	99
17492	110
18101	56
17821	108
19126	56
17523	1
17480	12
19304	99
18149	99
18484	0
17794	56
17641	55
18259	64
18203	103
18019	61
17678	56
19065	55
17465	66
17793	55
17456	99
17769	55
17514	99
17542	2
17474	56
17470	4
17498	65
19034	122
17738	99
17608	56
17571	99
17628	115
17554	98
18258	19
17743	99
17951	166
17821	61
17740	56
17843	0
17636	56
17490	65
18074	56
17960	136
18922	0
18055	56
18274	134
17641	51
19200	99
19182	98
17563	98
19177	56
18842	0
17698	56
17670	122
19405	56
18277	2
18535	0
18133	56
17517	55
18430	0
18007	157
17456	4
19332	99
17658	56
17581	51
18013	56
18696	0
18867	0
17524	100
17522	144
18907	0
17461	111
18925	0
17540	51
18036	64
17742	55
17460	66
18591	0
17496	133
19042	94
17668	98
19404	56
19011	0
17684	102
17577	32
17736	106
17624	132
19219	99
18158	51
17523	65
18789	0
17712	2
17874	100
17741	56
19171	56
17522	99
19316	98
17525	109
18771	0
17723	57
18825	0
17531	98
18261	99
17683	55
19340	56
17850	51
18198	56
17581	67
18991	56
18551	0
17693	51
17616	54
17541	65
18389	0
18270	98
19088	109
17668	65
17557	0
17846	64
17689	106
18011	123
18915	0
18525	0
18843	0
17739	36
17758	56
17468	116
17513	80
17460	55
17447	103
17490	57
18299	55
18707	0
18850	0
17601	107
17474	74
17498	5
17502	55
18223	106
17578	2
18531	0
18498	0
17644	85
18212	64
17500	5
17747	99
17814	55
17593	106
18168	99
17841	135
18263	56
17843	102
19231	98
17937	56
17850	2
17978	135
19280	64
17539	55
18083	56
18236	56
17521	65
17522	2
18109	99
19288	64
18404	55
17482	110
17573	55
17492	56
17624	54
18945	56
18760	0
18807	0
17731	65
17796	56
18159	99
19162	56
17550	55
17626	56
17474	98
17663	56
18297	0
17511	55
17834	92
17528	109
17490	51
17524	110
19133	56
19358	56
19246	99
17552	55
17980	99
17857	109
19408	102
17503	56
17455	51
19070	0
17867	121
18895	0
18201	61
17958	109
18860	0
18029	65
18967	56
18501	0
18448	0
19018	56
17581	56
19335	99
17992	98
18767	0
17995	56
17461	112
17630	115
17559	16
19350	109
19216	98
18820	56
18021	78
17846	98
17769	99
19068	0
17777	89
18226	141
17710	55
17554	20
18052	165
18602	0
19226	64
18705	0
17820	56
17538	55
19245	99
18035	61
18404	0
17891	56
17758	98
18570	0
18003	51
17479	2
17781	161
18702	0
17767	13
18997	56
18573	0
17910	108
18309	55
18512	0
18349	0
18785	0
17765	98
17816	55
17993	99
19236	99
17757	55
18370	0
18033	135
18151	47
17537	56
17486	111
17953	2
18406	55
17722	55
18692	0
18691	0
17874	55
18306	0
17537	57
19331	99
17610	153
18440	0
19116	56
17469	51
18113	2
17902	106
18407	0
19244	109
17460	56
19164	56
17965	19
17578	112
17723	65
19044	99
18177	19
19321	98
18572	0
18118	111
17863	110
17522	55
17464	98
17793	5
18608	0
19186	98
17863	16
18586	0
17529	64
17986	98
18595	0
19277	64
17821	103
18235	56
17802	56
19038	56
17460	64
19049	55
18804	0
17860	66
17747	64
19025	115
17529	98
17499	56
17693	61
17495	56
17697	71
18435	0
17444	55
19125	56
17546	19
17816	99
18376	0
18520	0
17437	55
18904	0
18328	0
17773	56
17595	56
18341	0
19294	109
19350	64
17528	51
17527	99
17719	63
18064	135
17444	99
17609	55
18445	0
17578	53
18643	0
17854	19
17704	103
17860	53
18213	51
17535	2
18740	0
17901	56
18183	103
17719	56
19009	0
17860	19
18787	0
18986	56
19385	56
18154	56
17693	109
18055	42
17545	55
17690	89
19282	56
17710	72
18364	0
19094	56
17884	147
18989	56
17793	73
18352	0
17716	56
19344	64
17461	54
17516	55
17684	121
17494	55
18569	0
17970	99
17514	140
19123	56
19217	109
17704	51
17481	18
17500	16
17654	56
17665	2
17980	65
19288	109
19345	56
17902	120
17938	51
17524	51
18883	0
17651	0
17796	123
18322	0
17535	98
17745	99
18124	4
18505	0
19091	99
18817	122
18239	18
17735	82
19077	56
17637	102
17527	19
18302	55
17522	143
19403	56
17724	156
17668	99
18940	99
17464	51
18911	0
17898	109
17955	51
17522	59
19367	64
17881	2
18786	0
17740	55
19369	64
17623	56
17768	65
19159	56
17627	56
18578	0
17854	98
19415	56
17480	75
19380	56
17461	57
17668	57
18256	64
18047	56
17574	20
17475	8
18086	56
17965	55
18165	56
18892	0
18120	56
18057	151
17708	99
18704	0
17982	56
18808	115
17526	56
19075	56
17871	99
17766	98
19267	99
17849	56
19022	55
19136	56
17486	51
17560	30
17805	109
17489	52
19324	99
18210	4
18195	122
19370	56
18941	56
17863	136
19351	99
18003	168
17490	98
19214	99
17911	35
17588	99
18677	0
18037	55
17507	55
17545	98
17759	56
18773	0
17749	103
17838	100
17887	98
17802	121
18610	0
17708	55
18871	0
17960	135
17986	99
17753	1
17695	56
17677	35
17578	98
17684	79
19323	99
17618	2
18204	56
18458	0
17540	54
17590	56
18452	0
19346	99
17477	128
17803	56
18093	56
19352	99
17437	54
18228	174
17615	54
17668	2
17521	112
17521	110
17823	0
18753	0
18251	56
18266	19
19294	99
17800	102
17587	16
19263	56
18185	76
18221	64
17946	0
17701	158
18962	56
18401	55
17604	18
18277	98
17510	51
17604	56
19008	55
17532	56
18726	0
19311	56
17532	55
17724	151
19014	123
17479	55
18952	56
17490	66
17684	2
19189	56
17566	19
17618	99
17826	56
17578	65
19100	98
17932	56
18138	19
17537	54
18872	0
17466	66
17976	55
17503	137
18964	56
18047	1
17456	98
18003	21
19216	109
18257	103
17694	36
17682	99
18929	0
18999	56
19079	56
17555	56
18797	0
19090	56
18637	0
17846	56
17905	99
17493	98
18403	0
18851	0
17474	99
17961	110
18493	0
17479	57
17575	150
18826	56
18877	0
18117	115
17967	91
17573	57
17843	1
18524	0
17932	16
17494	109
18621	0
19272	64
17669	63
18219	51
19354	19
17583	100
18982	56
18776	0
18427	0
19431	109
17992	55
18378	0
18451	0
19256	99
17463	51
17546	65
17503	138
18067	65
18557	0
17658	55
18203	61
17512	100
18137	56
19199	65
17813	64
17502	56
18244	0
18998	56
17704	61
18897	0
18810	42
18824	110
18028	56
18049	56
18566	0
19024	56
17566	55
18471	0
17676	98
18125	56
18352	55
17541	112
17810	54
17557	109
18159	56
18030	18
17777	130
17452	55
19239	99
17904	109
18415	0
19097	52
17772	56
